3.048703
2.534995
0.791814
5.26108
3.449405
3.466631
1.891651
4.580371
0.553981
2.469277
1.477093
2.646846
2.580347
2.84105
2.960255
3.949907
4.363045
2.571825
1.5525
2.200601
3.957277
2.477063
3.699419
3.241868
2.61926
2.459397
2.466292
2.804212
3.52856
2.497371
2.722083
4.162018
2.212223
1.625898
1.989812
2.62932
4.292338
4.773598
3.644231
4.244658
2.989842
3.280037
1.777637
3.371709
2.948578
2.656925
2.884258
2.484687
3.991356
2.259199
2.545702
2.6088
2.944762
3.196566
3.490155
3.973162
3.852841
2.617901
3.826348
4.208561
4.948276
2.322473
2.167805
1.249316
2.352946
2.165352
1.374529
2.075111
2.722409
4.507502
2.827127
1.531034
2.114067
2.974667
2.4177
4.15699
1.132625
2.969905
3.891175
2.349826
3.896835
3.042093
2.551253
2.959863
2.636579
3.83595
4.039328
4.724646
1.203491
2.646308
3.677264
4.017053
2.573726
1.74421
4.65681
3.059813
2.536426
1.874737
3.14058
2.737746
4.145419
3.999082
4.074367
1.706392
4.293344
2.74881
0.302622
1.600409
4.529928
3.413967
2.33881
2.652062
3.128525
0.821884
4.18329
2.304824
1.480071
2.961189
4.655271
1.948541
3.219161
3.78446
0.960179
4.812907
3.479004
3.491412
3.376496
3.089765
3.210477
1.812818
3.590228
4.585068
3.182567
2.800416
1.952474
3.575479
4.298739
4.36534
2.807113
4.10657
3.173334
2.637422
2.853455
2.831721
4.419266
2.261027
1.043083
1.720638
3.230773
4.086798
3.114456
1.695401
3.562947
2.644061
3.338037
3.096788
3.108933
2.397257
3.845779
1.762861
1.812406
3.613694
3.972194
2.750918
2.957047
3.584536
4.077455
0.682102
2.915333
4.949797
4.032404
3.057681
2.38296
3.778129
2.800151
3.472794
3.749544
3.710886
3.472288
2.683612
3.247483
2.631547
3.790803
1.936365
3.714746
4.783878
1.661335
3.288695
3.317549
1.813076
3.350621
3.743622
4.266517
5.126298
3.253948
1.010543
2.754556
3.610248
3.638449
3.716267
4.151699
3.104694
0.777372
3.133129
2.896383
4.680577
2.921653
4.256893
3.954398
2.192627
2.154976
1.58544
3.026108
2.752122
5.997505
3.987215
2.370344
3.310053
2.028203
2.384518
4.348801
3.384862
3.267872
2.182333
3.147218
2.189991
2.685988
5.343581
3.435519
2.886483
3.228458
2.155289
4.480086
3.65039
4.066748
2.637949
2.599952
3.571502
4.562805
3.330452
0.630563
3.074477
3.480438
2.746517
1.455919
1.484612
2.565276
2.902115
2.152929
2.708436
2.856217
3.517873
2.471895
2.156569
2.923895
2.11416
2.983776
5.426962
5.253095
2.804368
3.220174
2.112306
2.663268
3.689308
5.061699
2.318671
1.777085
2.684915
2.83689
2.968076
0.394654
2.569371
2.574483
2.406297
2.88351
3.454405
4.32807
3.428923
1.917372
2.512813
1.812115
2.403357
2.435647
2.026421
2.85915
2.66039
3.048749
1.613241
3.686898
2.346823
1.715471
3.929496
2.257316
3.155938
3.366439
4.362294
1.727224
2.466504
0.586064
2.746675
3.885981
3.770007
3.243334
1.339836
1.284217
3.516113
2.773983
2.484084
3.257457
3.127184
4.245519
1.588983
4.05938
3.380367
1.343815
3.918111
2.153724
3.255783
2.312367
3.666442
2.157784
2.825571
3.07894
2.084663
3.181978
2.872131
1.35765
3.234572
3.393786
3.059765
2.360938
3.004965
2.465361
2.414939
2.711609
2.385253
3.69088
3.493607
2.911969
3.454693
3.018661
3.448813
4.449214
4.262153
3.39033
1.750719
3.802769
3.928264
3.170129
2.515489
3.527468
2.291154
1.581437
4.23285
4.548359
5.346337
3.341811
2.415337
3.336819
4.091504
2.960756
1.821468
1.116023
3.792962
4.794563
1.593554
2.565915
3.183583
2.41633
3.479934
4.134041
3.087836
2.111041
2.384374
2.175116
2.545917
2.246988
3.234112
3.839216
1.140591
3.402784
2.700835
2.167057
3.065982
3.491332
2.347926
3.685444
1.495206
3.659536
2.942477
3.686083
3.507217
3.07641
3.51344
2.419237
4.540579
1.796251
3.630627
3.651534
2.405395
1.877652
4.142941
3.017077
1.590744
2.692216
3.456568
2.668846
2.587265
3.335187
4.020314
1.545869
3.684365
3.486638
3.73708
3.189496
2.141089
2.601814
1.752727
2.367494
1.961897
2.94083
3.606957
3.342578
3.903641
2.856848
4.289169
2.738172
3.722071
3.426876
2.857705
2.995382
3.154074
3.124323
3.001174
2.550831
2.31667
3.057425
2.573511
2.622065
1.699753
2.931944
4.25236
2.27301
2.556021
3.67785
0.684388
2.565989
3.398446
3.545075
2.605586
3.720466
4.673068
5.278751
3.569399
3.11331
1.830217
4.317179
3.13376
3.631832
2.299471
3.426875
1.279089
3.317907
3.702141
1.956519
1.137866
2.271529
3.174526
2.300621
2.85127
3.148153
4.089409
2.871085
2.823442
4.278702
0.810063
2.030385
2.511887
2.954877
2.023163
2.91131
3.484538
3.480124
3.728452
3.041965
2.771985
4.673853
2.726257
3.889749
4.00653
3.378175
3.229571
2.447995
6.051952
3.174229
2.728252
2.120919
2.858996
2.137686
1.688864