1.823937
3.080381
3.238247
2.34908
3.108187
2.81786
2.493725
2.694974
1.190112
1.601801
5.040652
3.057997
2.441243
3.534704
4.295911
3.046077
4.295728
3.444373
2.675952
3.091091
2.849773
2.105676
4.729048
3.412508
4.234588
3.981034
3.373218
1.979277
3.699844
2.914085
4.10384
3.988331
1.717986
4.548223
3.19009
2.672481
3.253736
3.373031
2.694841
4.406856
3.809914
3.523734
4.342552
3.698572
2.364472
4.238629
2.278703
4.617663
3.085475
2.363677
2.648558
6.105088
4.084191
3.555831
3.51283
3.001605
3.281091
1.849684
1.887236
3.874125
2.971464
3.809056
1.030523
3.132742
3.030229
1.920418
4.923984
2.943
5.198396
2.827789
1.970313
2.996992
2.709992
4.557695
2.698612
3.643252
3.666417
3.331632
0.605648
1.71354
2.685073
3.746352
2.27377
1.029998
4.201294
5.009832
3.54508
2.453423
4.196577
2.878999
1.949777
3.080141
2.776193
1.727298
3.220603
4.588451
1.813101
2.408354
3.404917
4.062402
3.498439
4.152359
3.449506
2.614492
4.497772
3.173745
2.489273
2.602068
2.791882
2.20267
2.53525
2.863075
2.818588
2.93976
1.204503
4.399196
1.22865
3.223822
4.043099
2.65095
4.875224
2.733115
1.112572
4.059725
2.222827
2.307603
1.698347
2.773725
3.317467
2.249213
2.126813
3.147308
4.109382
3.518043
1.67634
4.41343
2.845781
2.940332
1.986135
2.34215
2.563711
4.678238
2.285475
3.249424
3.220372
3.212876
1.171887
1.72433
3.631974
2.498448
4.183588
2.519582
3.846285
3.492555
5.234961
4.082869
3.045581
2.398875
4.780717
4.077072
2.080878
3.275602
4.066414
3.292849
4.410151
1.697244
3.505175
1.928946
4.614422
2.093106
2.124121
2.373807
3.593812
2.876691
4.26056
3.533594
4.094751
3.409575
3.639905
3.866122
2.948068
3.03491
2.105645
2.786492
4.06362
1.818624
2.668222
3.009248
2.906981
2.573172
1.103023
2.597772
1.747316
2.244656
2.803075
3.882616
2.624442
3.526071
3.408354
2.525217
4.80604
1.804898
0.790308
1.547798
3.31597
0.462142
3.125362
3.945289
4.55362
2.957673
2.578737
2.520872
3.042946
2.612054
1.876878
2.964303
3.268833
3.358938
2.359504
4.566079
2.990196
2.699789
4.764008
5.403809
2.960955
3.257389
2.730828
3.794353
3.903149
3.38819
4.975746
3.743721
2.407129
2.4628
1.937389
1.872563
2.257809
2.477654
1.859058
3.671793
4.019624
2.4541
4.24868
2.758111
3.360255
1.958037
2.089352
3.810415
4.83219
3.007031
3.297041
2.419618
2.828791
3.520161
4.20869
3.286917
3.397736
4.636082
2.107991
2.210431
3.62995
3.006113
4.94637
3.72522
3.3063
2.610962
2.440661
3.792164
1.044583
3.646662
1.13028
3.712578
4.306052
2.492173
3.631035
1.650702
3.504893
3.689008
2.688886
2.946994
1.33946
2.598516
3.981356
4.482254
2.039142
3.386873
3.909759
2.321369
2.952698
3.520179
5.034324
2.03968
3.693225
2.789019
3.363977
4.172801
3.820611
2.063528
4.575067
2.46506
4.470488
2.818265
3.545225
2.310669
2.914205
3.379187
2.9833
5.602668
3.179143
3.358328
2.952784
3.672973
2.476657
2.870638
2.827868
2.432331
1.960488
2.994673
2.846746
3.889231
3.495029
3.828916
3.939825
3.279178
0.997466
4.332813
2.710775
3.657858
3.396844
2.658777
2.56019
4.079331
2.425226
3.001655
2.730267
2.854773
3.306472
2.695292
2.894718
4.675676
0.850349
2.744247
2.113798
3.957626
3.577234
3.508756
4.538562
2.585263
2.903275
3.302543
2.986967
3.421469
3.469914
2.710895
2.979843
2.911829
0.228176
2.423762
3.456492
1.405432
2.709233
2.954989
3.669135
3.353025
2.287918
2.009576
2.777864
2.339274
2.984425
4.078642
3.985798
2.208446
3.852184
2.576141
4.275495
0.403342
3.709283
4.30749
3.881286
2.781074
1.811542
2.248958
2.855874
3.637715
3.166156
2.854219
2.651841
3.659061
3.007264
2.622264
3.751422
2.482862
1.990035
2.642458
1.61815
2.707197
3.968462
4.07307
2.724485
3.290818
3.354175
3.851213
4.04193
4.612261
3.361154
1.693396
0.746096
3.46185
2.889576
3.158641
1.697814
3.843164
2.662336
1.267532
4.300224
1.866385
4.332539
2.997351
4.08023
4.426536
2.55264
3.785719
4.966881
2.28997
2.078159
4.034537
2.134565
2.168042
2.468692
3.081561
3.880495
2.642294
2.0229
2.346752
2.986917
3.046932
2.288166
3.100928
2.861052
2.912191
0.920917
4.307919
4.113486
4.357905
3.981919
2.563665
4.195078
4.524161
3.465639
4.487241
4.309615
5.076425
3.482102
4.747276
1.215105
3.589089
3.70791
3.305285
2.055229
0.989436
3.493145
2.904524
5.159409
3.58017
2.553442
3.887176
2.64742
4.018997
3.437939
4.06548
3.212695
4.248359
3.185498
2.480873
3.019513
2.888935
3.405078
1.618124
3.440241
2.987633
3.599077
2.285722
1.984904
3.501282
0.773371
2.963321
3.870861
3.769001
0.53822
2.011379
4.52456
3.2363
3.743788
4.061627
3.798314
4.259822
5.007374
2.953182
3.092737
2.690749