-8.2021
48.45
16.6589
12.14082
23.99355
33.23531
-3.46444
49.11928
19.79344
-6.77137
-7.7772
41.57028
28.0848
-7.1904
55.68333
-0.53112
29.10644
27.2855
-4.085
30.29345
40.7389
25.60238
43.82278
29.65738
41.1333
50.6667
34.62085
59.2
54.5833
13.36667
34.58787
25.14276
15.31788
-8.112
11.03333
31.41293
-6.6224
31.21673
45.36678
-39.18333
46.76896
32.33385
-29.14003
2.1589
51.5
41.0667
49.35253
-8.88202
41.6525
-34.35
53.521
-10.1594
-30.01444
-20.7725
18.18931
-21.53944
-6.1987
51.38941
29.10678
60.5457
54.86964
54.30639
21.93924
-7.716
24.64758
52.17972
16.96975
49.78465
22.72467
48.8637
40.49182
35.54729
-11.08944
55.8524
39.18333
-6.9924
-33.29265
30.7197
-8.604
53.53286
-17.58333
-22.95833
22.36457
42.33083
51.92754
16.0567
34.30652
14.5115
52.36271
49.70426
-25.46642
42.16222
10.91667
28.01944
40.99804
26.98333
39.0367
40.84084
41.5333
52.04662
22.65562
-7.4072
53.4291
29.86653
20.38481
23.2536
43.86682
46.16667
-7.3705
38.25081
34.18333
29.07511
46.52574
42.75
4.95
47.35574
14.3
-23.5475
-7.3705
13.01667
45.21516
23.23264
31.87308
49.3779
13.0459
13.86667
10.8787
49.70872
-6.7215
26.67925
47.2176
47.3354
33.52575
50.46408
45.72538
33.25306
45.86678
56.6616
59.9127
59.3326
-8.5067
63.56705
20.69229
32.38051
-5.10667
56.03282
30.93902
29.30667
53.53041
14.00308
-38.68333
60.57082
22.9443
-43.24895
-6.5834
12.50583
38.9087
13.69572
23.13833
13.7
-6.715
59.3326
39.37961
53.85972
28.02573
19.058
41.28917
43.83139
27.24306
5.3723
48.3
45.7025
15.1803
21.3278
48.8925
10.1776
41.6857
43.0571
32.51917
45.87583
54.13761
50.43172
25.55478
52.36683
-10.93333
-7.3299
27.59
11.26667
43.72687
46.9167
45.0518
42.0778
49.621
18.15287
-8.72
47.34277
-8.2329
25.95029
19.0714
-4.99707
60.71418
-10.1073
51.1689
-8.5132
7.01944
23.68684
15.39395
-7.473
50.1139
25
-8.421
47.09995
27.94296
51.01473
41.10833
10.51366
-10.25403
43.2969
11.58901
-8.4691
-31.66833
23.05
-11.19976
41.05194
45.39361
6.74989
31.16946
13.5118
48.46852
40.27821
8.45639
20.8808
-3.7987
35.87861
38.6167
49.61455
47.4667
24.79441
49.96008
25.08648
46.73336
-7.1655
44.4491
42.5032
-12.195
12.48811
1.1175
-19.67722
9.62966
46.6557
-8.2197
-5.5475
48.8138
-6.6455
29.83146
50.31863
53.12693
-8.287
10.17793
56.2333
7.95528
44.16682
18.38385
29.2464
-7.38194
40.278
21.97473
23.33989
28.8903
59.68333
63.67486
46.84518
31.00939
44.47
-9.58333
39.20892
15.79408
45.71744
-12.31667
56.8777
11.1247
48.8162
-8.1193
-4.085
-40.85
24.64758
49.31689
-6.916
-6.6352
49.86879
9.29414
14.89944
62.53528
51.98197
34.98333
29.53284
34.81836
-23.65236
13.80716
24.355
21.0712
11.18333
35.19793
13.61945
8.34111
57.7815
-10.1609
5.88969
31.6403
-25.45861
25.27031
48.9836
-33.15489
-6.766
35.88528
52.86607
16.97333
36.3
-17.78333
15.14442
45.50928
23.01472
14.90598
51.43074
40.77482
-42.41225
35.3242
31.97163
29.35804
-21.60333
41.3394
31.97389
-8.3424
18.3446
16.48333
49.97083
55.0218
45.0518
-23.52806
-29.25188
-6.9621
16.3293
21.88374
40.23417
-7.1825
56.3419
39.20889
47.34277
-8.1325
48.8817
37.1958
-7.1617
34.84861
65.5842
50.62461
58.36083
54.00923
7.37167
49.38833
59.1955
-8.0843
6.5831
50.1136
45.46737
45.3969
2.2115
40.99547
19.01987
41.5417
15.97224
33.7162
17.99107
31.18086
47.01479
31.67517
55.88441
39.1667
-12.79861
34.88333
57.2471
6.30054
41.4833
57.7916
14.37394
-6.8205
54.87278
7.9168
-24.13333
52.85769
31.8185
30.63588
14
46.81036
56.98639
13.66139
42.99611
14.79278
36.7
54.03876
18.31482
-8.4028
48.93096
-41.11881
1.19374
39.7
58.5682
-23.07306
40.51902
39.2
43.4599
30.08274
33.40063
15.34466
46.85628
40.8203
-11.61607
48.0954
47.5167
-7.3493
14.65
-7.16208
24.98536
60.62879
-11.65667
-46.6
47.94381
44.8404
-30.30225
-3.43944
23.40786
35.36667
18.14589
58.4245
9.94009
51.48195
42.39063
18.47204
59.2
51.66667
-8.1671
31.89852
42.45139
10.81028
31.81111
48.03333
18.56107
30.07346
9.76806
59.1833
43.36667
52.40677
25.59503
-35.38333
54.17002
41.52514
41.96927
10.88942
11.13417
-43.61876
17.6696
-22.4625
26.17361
46.14251
-21.34028
41.25
-8.58386
6.72306
59.3326
58.3478
-7.3715
45.9197
-8.6469
59.1955
39.925
-6.9321
40.10528
-22.07444
69.06889
-0.71667
-32.99835
-11.81371
64.4165
31.32593
37.1101
38.638
55.82958
45.97927
-32.02873
55.88868
19.0942
55.06667
18.45319
26.98829
50.56471
43.71176
7.08471
55.19567
-9.31674
-8.5935
39.78444
30.70508
-6.8983
40.8046
53.58345
39.16253
40.1167
-26.2552
-2.00082
-8.293
29.77415
8.21043
31.48474
15.86667
57.7072
40.63526
34.56954
7.51389
-9.5875
9.4816
60.9344
10.60383
43.2969
18.58182
15.01667
-8.2355
-6.9603
14.101
49.04192
-9.9831
53.51163
-7.0991
38.20833
28.9499
29.13717
36.1
-36.26584
25.82856
-6.6233
-30.71084
25.3682
34.57502
61.2277
41.09131
36.72564
55.42112
45.1667
-27.5744
-7.0517
31.3777
7.16938
12.95
-8.5513
12.72709
34.57484
49.89773
44.15009
28.91667
34.67766
8.23333
25.12614
13.05501
-33.8784
57.6766
30.03871
29.63292
-3.169
40.71806
18.82464
40.58584
13.78851
7.8894
50.57163
-3.0432
-8.1531
-8.4657
-7.0962
47.05944
-30.03306
51.49966
32.08326
13.2268
31.12624
-8.1953
-7.0037
13.9957
44.17932
25.5584
45.3639
31.55
49.11118
43.91001
41.74
58.14881
46.05007
-8.47
50.66329
49.14789
26.54404
-20.04306
32.34042
41.5968
29.29524
51.0016
20.55832
24.30681
11.0508
13.5
29.7877
-7.0568
-7.0045
49.90038
61.1153
8.1144
16.2798
27.69833
46.15
6.44417
18.73779
22.86828
51.76535
-17.56944
55.58635
57.283
-23.85444
-3.55
32.68011
53.25139
-7.1145
45.4333
30.12268
44.56369
59.6162
-33.59473
44.78636
-27.77333
42.73557
51.72371
43.1833
48.9
3.139
-7.38374
7.34194
-7.0594
40.55147
47.3167
19.37972
37.51769
30.28838
52.35532
31.85727
41.0213
41.14166
-25.38333
52.19517
42.3254
10.825
6.5932
35.82539
59.8996
-25.69556
5.3742
57.7072
37.376
-8.5596
16.0703
39.14222
-8.60988
-6.757
15.1
36.71
-3.56694
-25.39528
7.85
10.94472
7.98654
47.76016
6.30054
12.07305
21.83444
45.56418
49.28297
43.21
29.32976
1.01118
13.93723
20.89802
31.6948
-6.8024
57.04096
27.45417
40.85158
59.1312
-41.28827
32.4112
44.02576
35.02306
27.95706
-0.35294
41.99451
29.9
11.5169
12.81227
59.1312
6.45306
-7.4375
40.8667
25.02858
51.65009
49.4627
14.06391
40.8563
47.6333
60.89563
60.65
-27.91402
15.59972
48.55781
41.1611
-36.14311
33.93624
45.92917
28.35991
17.49052
6.815
15.26667
17.11667
-11.26833
37.83101
51.13762
11.17639
8.68641
51.05011
13.21139
-8.0936
31.16164
53.90768
-23.865
41.6081
23.5058
43.10547
50.80697
65.5842
41.15
-8.1805
26.47583
-7.61278
32.20907
48.892
51.13999
36.38333
44.3526
31.15815
35.4015
-6.7065
30.27889
51.4658
51.57419
30.12108
39.08425
25.29313
30.43624
-9.63333
35.59011
56.42302
-18.59333
-8.5625
6.25
52.4264
14.486
40.975
13.18333
39.5667
43.46
16.8833
-29.25188
33.0169
39.59806
51.03741
51.9225
52.85421
50.4
-22.44083
-6.7917
-11.43861
-22.22917
29.4425
36.13497
43.46667
40.61028
32.26974
-9.9293
-14.78556
-6.76694
-8.7645
-7.0054
-22.60611
46.87759
3.21546
21.043
24.41667
36.56667
26.615
-14.97928
11.16099
30.37861
8.28111
35.90413
2.96667
34.58515
40.3667
33.37517
57.4333
7.52944
40.70917
46.62833
38.26667
39.2
50.11425
24.31258
-20.49972
27.49402
-20.16194
55.64528
-0.46645
2.03849
34.67534
9.00114
30.66667
48.8817
53.46823
12.35275
40.04861
-29.40661
32.34631
25.53306
10.68966
52.331
16.50653
-13.79472
32.7403
-25.19
24.46994
23.51572
56.49903
14.31667
10.28488
-9.16278
30.96384
60.86667
-12.57626
-21.71028
31.39625
53.37923
35.61358
14.73075
-10.1983
36.03333
62.3913
41
52.5175
55.97111
36.12944
50.30124
9.35584
-6.7359
45.38346
49.58559
33.53567
10.78379
23.65126
49.57744
30.4501
52.378
-9.9104
52.54707
19.69312
6.58694
13.85493
-24.13333
-8.7865
57.9437
16.92646
6.60222
19.79003
30.68494
31.58417
-6.9717
39.91812
15.4425
51.5555
39.2167
36.94276
49.60776
42.05
5.6561
-33.22778
37.1
0.086
60.6745
16.52314
39.7495
67.2128
34.275
5.03103
8.15
28.01048
28.3822
29.64412
10.7273
39.55944
59.90781
39.65
8.94597
59.3326
-12.81667
23.01279
23.4985
24.88244
61.11667
53.05581
7.80236
-7.3611
-19.58361
9.30091
33.47541
-25.5302
16.6981
-8.3198
-8.5678
55.6794
14.6089
-27.58472
11.58901
-20.8823
-8.1
26.4111
-7.0558
30.17444
11.51148
10.8726
45.36333
-31.30391
37.1376
54.14961
10.47226
6.98789
27.27168
52.51667
-20.37778
47.9029
9.55421
43.3333
36.43806
29.74296
50.21971
13.7062
4.73171
-18.57889
35.00885
39.2667
-24.55139
12.46338
25.0296
28.61488
1.43139
41.63671
47.51797
53.8119
22.46762
32.27204
26.21261
22.98194
-6.8305
51.84861
56.28923
3.1071
19.5956
36.88494
40.85
37.30808
38.70426
35.69196
7.32233
53.74638
30.76096
48.3
-43.3
52.49407
-7.204
48.70131
15.74889
49.78703
32.82737
41.93167
34.94537
20.65776
33.95903
50.58476
12.65131
14.1122