114.9734
-2.0333
-99.2011
6.82196
117.01134
110.98911
-39.05667
16.60446
-70.6884
-79.84088
114.0487
120.45861
57.2204
107.9719
37.55
37.4506
119.64855
61.9965
-63.14139
122.12264
-7.8722
118.75184
144.10444
117.71865
-7.3
3.0833
108.19271
17.7333
-5.9333
123.7
68.95091
-12.37168
103.84859
115.08818
27.73333
121.27065
106.3869
-8.23184
-73.54917
-65.98333
127.55349
35.75238
-59.26256
98.63044
12
-8.6333
16.40241
-36.50216
-83.5085
-55.76667
30.2454
123.5918
-59.52719
-49.71417
100.66047
-42.18028
105.9254
22.18637
119.64421
16.2867
31.38609
-8.17611
110.84607
108.0766
115.98336
18.21499
121.72924
23.64806
-81.28852
2.2769
50.14292
65.5676
-43.14167
13.6609
98
113.3859
23.48954
108.08333
122.1994
16.01132
-67.51667
-45.54944
111.26114
20.72694
16.36456
103.65309
-6.30618
121.2393
21.29047
16.89288
-65.5663
19.49667
123.25
67.92083
123.27531
87.33333
-9.2515
22.92163
-8.35
39.7288
113.12802
108.5861
85.9006
95.75903
105.10024
116.47692
-79.2663
112.95
106.9824
20.64686
119.38333
116.6156
83.63324
24.28333
23.91667
88.01785
-91.91667
-46.63611
107.3391
31.86667
39.2265
112.09348
117.45803
1.1047
123.40423
-86.63333
123.9771
18.15719
111.4684
117.55026
-1.6484
0.7029
105.91854
29.81128
20.69008
119.91333
-74.08251
16.3616
10.7461
18.0649
115.2298
53.68348
101.98368
35.50838
-38.3725
45.0422
94.68908
121.615
43.67664
102.80541
176.08333
22.09883
90.83005
-65.30505
106.30761
39.52278
-77.0414
44.73137
-82.36417
30.36667
111.1514
18.0649
48.35463
-6.54056
108.33462
-97.818
20.32361
81.85056
119.09389
100.4418
4.0833
4.8715
106.23087
-157.8294
2.3444
123.6013
-81.6728
46.45566
108.53232
15.85361
38.16043
15.81402
119.41991
-114.9188
35.01667
106.5186
110.89806
37.48333
7.41766
7.4667
127.0489
-8.3722
20.07794
-77.47121
116.505
130.31222
113.3026
119.54836
-96.1514
12.9484
29.95525
123.7994
19.49335
115.1099
122.20111
112.3008
120.68473
107.892
8.9107
114.58333
115.3479
-55.76504
115.4421
22.35014
21.37861
123.1049
-77.19088
5.3811
43.14503
122.707
18.50119
114.58333
28.89431
20.05333
40.76583
-76.02539
108.4031
123.0426
116.4618
94.70271
125.15889
-101.4458
114.7788
119.97528
-9.1167
20.02885
-0.55
115.71478
14.31979
114.44544
-72.56581
111.5605
1.4366
-96.3829
44.46472
106.01879
121.4142
-51.19083
123.82897
29.96722
111.3751
119.9509
2.235
111.4832
115.57739
15.87403
14.39074
114.9819
-66.74648
15.2833
123.77667
-77.38277
105.5059
52.7793
112.75806
-8.3553
96.08359
116.29713
105.42575
30.43472
22.70256
40.30834
118.78201
38.3996
-77.81667
112.68142
104.1451
33.85596
-38.76667
14.8091
124.0118
2.3139
113.1287
-63.14139
172.8
115.98336
17.46374
112.0637
105.9883
16.92748
105.72776
101.70833
113.96111
20.83394
133.46667
108.42504
36.11376
-70.3954
8.9881
102.54222
-101.0501
-12.93333
26.25429
108.99805
124.25917
14.1562
123.5819
95.31644
-97.0963
-49.52833
116.85473
2.5256
-60.50863
111.3568
139.83944
17.94625
7.99111
139.11667
-57.76667
120.94077
20.609
89.43936
105.07836
21.33536
44.54596
-71.06797
51.6457
120.54307
30.68142
-48.36583
-8.6167
112.45583
113.6816
-100.3811
121.23333
39.69389
82.202
127.0489
-46.34472
16.8697
112.9277
102.65182
105.77281
69.69481
108.4349
46.56353
45.41222
130.31222
112.0663
2.3822
-7.9292
108.2039
118.04472
22.1546
16.24207
59.80667
20.07125
125.64472
17.07108
17.6252
113.8758
79.9593
8.6578
20.19867
4.3259
102.241
125.77121
108.90884
-8.375
120.35386
104.4362
-76.95742
31.86518
34.91504
109.48636
37.69055
-9.35
-75.665
136.98333
58.7298
-10.7969
-8.33
13.4142
100.48528
111.8236
69.143
-71.05934
-57.08333
14.39297
119.89027
107.59633
-88.38333
124.39203
24.29917
-87.53278
130.14083
120.87889
25.11667
43.91386
-77.52067
112.7145
17.3505
-70.72914
-77.26661
-8.9833
11.9923
-52.46528
47.65423
-8.8333
-116.244
106.32376
49.6949
104.15476
83.12263
24.24373
-75.09115
-4.329
6.8
108.082
-87.03333
113.56187
116.63548
28.57048
-76.50333
168.33333
35.43539
-0.5805
27.08395
-39.14833
58.1283
137.25
100.14103
14.1616
3.21075
107.36158
18.91417
100.18346
37.15
94.63333
114.3325
119.73471
19.89167
122.54472
121.655
72.83333
-74.42167
89.10472
1.10528
17.4333
26.6
22.25307
119.01012
174.03333
21.13915
44.3472
124.41101
13.62832
2.93861
-71.80434
-99.7633
-42.65306
118.17889
14.43158
-47.72944
-8.4771
120.04864
124.51972
18.0649
11.9424
108.5891
6.1439
122.2058
17.6252
-8.825
113.7741
20.22944
-48.74028
33.41622
-48.52333
-60.76791
-75.45482
40.8122
119.43908
-8.4337
-9.0253
37.61604
-81.9248
-60.30658
37.02421
-96.3334
32.69639
-70.7349
120.18835
14.65553
129.43261
-70.75908
38.36002
-76.93953
122.7057
117.19583
108.96809
112.0707
44.54025
-116.43559
117.24144
-7.1667
-53.64581
-54.08102
123.1963
106.3688
-72.46399
119.88457
-87.9
11.9668
22.5082
109.59966
124.95528
119.5816
123.1802
76.5531
-67.03034
5.3811
-68.40431
48.01667
111.4567
111.9918
122.0125
102.08925
124.1849
-6.39821
106.9221
128.59111
109.4731
110.40925
139.45
-63.1655
116.32964
106.4048
27.21613
118.7011
95.34226
14.0393
109.7593
9.18169
38.26188
5.7167
-64.13108
106.8601
108.73958
9.28465
121.36667
121.9042
123.97835
108.35744
19.48357
-81.03303
30.85
32.91815
4.81667
115.63763
123.29706
151.2313
11.9582
115.11812
108.32825
114.683
20.43806
95.22216
46.3189
100.33334
98.38523
18.15585
114.7614
113.2176
118.7575
107.9858
126.6697
-51.23
17.16811
112.16667
123.6148
31.64313
113.6183
108.2267
-61.00614
86.59097
-80.4582
5.5921
-84.0612
16.52329
12.45738
-7.3967
41.59483
-71.96579
118.7574
15.91063
14.17513
88.09436
57.57861
35.39604
-86.293
108.16132
21.71474
106.56882
102.63905
124.3843
7.10174
105.85195
106.8014
108.3984
21.98124
29.87535
123.8971
120.3792
119.85917
14.95
124.92639
109.47783
112.79213
25.5142
-52.55111
37.67781
55.4589
-46.13861
33.4
-5.57738
-6.59167
113.7489
4.4
106.53435
129.49078
16.5528
-71.60746
38.80333
-54.24
45.57576
75.32287
3
2.3333
101.6869
107.50962
126.5175
113.7474
117.66155
5.0167
98.44644
121.30867
106.47032
16.51958
35.25868
-7.6918
22.50141
-57.33333
20.88419
-89.1705
119.471
-0.73462
10.63699
29.08574
-51.65972
95.8445
11.9668
97.37457
116.9463
120.7624
117.17667
116.22222
111.2971
-90.4
119.10194
-80.45153
-51.45806
36.65
123.42417
-75.19349
126.91388
-10.7969
1.78838
111.15444
126.92783
-122.85263
23.5625
118.31464
34.33112
120.9162
109.96032
-106.3
111.843
65.72018
119.88167
122.74754
10.2166
174.01018
-95.2899
132.16583
110.99278
68.63789
-79.66033
21.58002
31.25
123.0512
45.03337
10.2166
3.39583
108.7324
-8.4389
117.008
17.16957
36.85951
121.24649
14.2464
6.1667
24.28785
25.56667
25.16111
-91.44528
24.75622
-8.3778
-71.82605
105.21625
40.58056
118.39384
101.72749
124.85861
120.86667
-61.8
-37.43833
127.51059
20.57173
124.57944
106.60824
-114.08529
12.0241
113.0891
90.66613
17.92093
35.38333
126.25227
112.65834
40.62067
27.31676
22.1546
-8.5111
114.357
116.015
110.78389
106.21494
2.2067
17.17798
139.73333
2.5734
31.937
-101.8951
111.6346
120.53857
7.1572
17.67434
104.64811
66.83318
68.81201
61.8383
-77.48333
37.00472
38.17612
-39.73222
120.2369
10.26667
17.48925
121.2289
19.88194
-59.56667
-8.3722
5.2486
120.8833
16.8697
-116.846
125.60972
36.73252
4.4792
16.03125
18.63333
-66.16779
111.2037
-61.44722
-50.89306
48.27472
139.39004
24.86667
46.78972
96.82032
124.4743
-39.28028
-43.0225
120.9863
108.0109
-46.91944
127.50054
97.27163
-101.569
100.1
137.13333
118.90639
34.95575
-72.59238
108.0016
124.90028
101.50925
99.8
109.20857
-7.4
106.19377
14.0833
125.68778
19.64972
16.22806
21.83333
-8.8333
19.79788
109.38916
-43.85778
88.95296
57.49889
37.33583
-76.98719
100.63868
133.75091
-73.97581
104.06667
2.3822
16.60583
121.06761
20.75667
25.00309
74.89987
112.29417
122.3193
35.3711
100.20497
-73.98889
-96.5618
-49.31417
115.96562
114.70569
25.85735
-88.16667
22.78818
-36.03194
109.34504
26.7
13.40547
-47.47806
90.00958
-6.49052
111.3566
0.91738
123.6886
140.2
17.3063
-7.85
25.8429
37.92083
127.1
20.80759
105.09929
111.3451
20.30137
81.04852
130.47861
106.63704
114.34322
19.83341
-97.4865
1.5774
120.4871
62.49987
-73.33296
124.62306
44.7058
-54.61667
120.9715
55.3396
121.05734
125.445
99.69967
107.63145
73.68778
112.8592
116.43242
120.72565
5.0913
-9.2167
107.94765
19.11638
25.6
-75.87877
-60.3297
-8.8
-76.89528
17.1417
100.14464
-89.606
23.3661
133.75
-74.88682
4.71667
116.82055
-81.569
106.36717
123.8257
21.84083
31.0711
-8.6167
-74.10647
18.0649
-72.78333
104.45081
116.06188
118.70869
23.1
18.92635
6.743
107.3218
-65.75306
-82.4018
104.90215
-49.20836
-99.1228
123.2298
116.5305
12.5346
-61.0733
-50.36111
43.14503
55.4504
-77.48333
111.59559
107.1591
118.26833
107.49092
123.5209
40.19
-60.65894
-84.1156
48.38907
-66.80155
-73.04953
115.11867
23.35
-43.41611
1.9039
123.76956
-0.4167
38.11984
116.22426
18.65067
123.2032
6.77223
-46.51806
33.89256
-9.15
25.80306
-3.46075
114.14786
109.88065
33.77722
48.43028
87.74228
49.0916
112.18184
72.90425
115.97864
-80.58556
106.236
41.46056
42.92005
101.6083
-100.0223
121.44614
-7.95
121.97536
114.9644
105.04858
-73.01516
18.68586
30.69733
4.0833
-65.7
16.84496
108.5127
116.92611
107.83678
-112.14603
110.3693
21.01333
107.79553
-74.95075
106.8149
30.4898
8.41615
122.9553