0.809755
0.989723
0.823042
0.771249
0.497094
0.864419
0.972085
0.904526
0.94879
0.962682
0.818823
0.888741
0.675817
0.969197
0.94403
0.970758
0.873676
0.825312
0.866511
0.979234
0.771101
0.935245
0.612886
0.895672
0.967149
0.657109
0.71412
0.920356
0.79093
0.991983
0.907556
0.865335
0.235538
0.954762
0.941374
0.942454
0.95562
0.931957
0.988124
0.997653
0.93196
0.720205
0.942364
0.983838
0.853878
0.671436
0.820529
0.935578
0.851656
0.844388
0.786857
0.699155
0.755362
0.994896
0.529569
0.255052
0.934039
0.987764
0.848809
0.916811
0.472593
0.921084
0.740082
0.740138
0.996424
0.397556
0.680568
0.928371
0.839011
0.451622
0.998882
0.963994
0.948758
0.839932
0.892046
0.427442
0.882998
0.954234
0.989453
0.829714
0.986276
0.643161
0.767042
0.88488
0.649793
0.410723
0.926494
0.939735
0.851064
0.875453
0.903946
0.960449
0.76566
0.825648
0.866504
0.993186
0.772881
0.87715
0.959716
0.502934
0.58634
0.894043
0.963424
0.965502
0.985063
0.660217
0.813329
0.759795
0.884556
0.930618
0.822624
0.868136
0.936142
0.911637
0.877077
0.924959
0.949931
0.998008
0.964022
0.705622
0.913027
0.989876
0.93402
0.913695
0.989551
0.958977
0.971887
0.833497
0.942871
0.710701
0.735214
0.894114
0.912379
0.987235
0.969987
0.952484
0.957228
0.938401
0.768267
0.678636
0.934766
0.771303
0.904743
0.996881
0.857089
0.754482
0.784279
0.928816
0.992687
0.956039
0.988941
0.948828
0.930062
0.976613
0.744132
0.687767
0.890215
0.882324
0.880435
0.907633
0.970207
0.666616
0.751271
0.630636
0.753679
0.993079
0.958127
0.911009
0.491502
0.956023
0.910739
0.976332
0.968637
0.420073
0.809248
0.592442
0.93118
0.992981
0.942453
0.889384
0.771051
0.929343
0.74913
0.950094
0.429683
0.995161
0.933198
0.65062
0.934184
0.741695
0.873734
0.912859
0.834479
0.932304
0.93373
0.831271
0.9532
0.937232
0.545307
0.766823
0.933069
0.78974
0.980198
0.76655
0.614538
0.991582
0.82786
0.750225
0.639926
0.77444
0.920263
0.928546
0.992017
0.743203
0.853528
0.87025
0.940383
0.885809
0.93496
0.940392
0.873544
0.893404
0.598652
0.959004
0.858808
0.855633
0.974795
0.876421
0.990825
0.617127
0.976821
0.879426
0.669264
0.640166
0.623684
0.750867
0.791521
0.742876
0.988246
0.669294
0.64105
0.779624
0.941811
0.767201
0.819055
0.779477
0.724383
0.63199
0.774673
0.823244