0.965939
0.895773
0.945044
0.846174
0.981643
0.920907
0.982343
0.787428
0.955316
0.759901
0.778731
0.672013
0.933447
0.695735
0.946808
0.913542
0.908301
0.799414
0.919362
0.99067
0.881159
0.574592
0.583581
0.985383
0.907595
0.653948
0.990895
0.6809
0.409144
0.605137
0.974083
0.874704
0.892575
0.45314
0.856578
0.968966
0.636821
0.841443
0.585445
0.750155
0.884194
0.865441
0.807112
0.863952
0.696218
0.910728
0.982595
0.982109
0.716754
0.725221
0.833316
0.861453
0.845777
0.776049
0.597278
0.976414
0.706428
0.720495
0.938424
0.986805
0.867458
0.370288
0.834344
0.852009
0.541949
0.306905
0.85267
0.939202
0.986267
0.799536
0.890577
0.911606
0.755082
0.799307
0.8882
0.804034
0.883897
0.824657
0.728212
0.733509
0.806093
0.983511
0.960215
0.785859
0.567136
0.96443
0.482124
0.840074
0.984024
0.818558
0.951144
0.821721
0.447189
0.958113
0.906792
0.775553
0.905086
0.914108
0.952136
0.913607
0.718062
0.878339
0.885403
0.941098
0.948962
0.722247
0.705012
0.675729
0.865716
0.748927
0.964592
0.872369
0.939778
0.800105
0.882176
0.743284
0.907402
0.864339
0.969285
0.978235
0.792058
0.965683
0.512311
0.900709
0.688344
0.938512
0.961593
0.984554
0.363648
0.884699
0.868904
0.851996
0.729972
0.907051
0.969197
0.907479
0.7637
0.873814
0.890903
0.972251
0.876272
0.781441
0.805091
0.915731
0.858246
0.945385
0.925829
0.571637
0.940902
0.491613
0.805495
0.99795
0.913611
0.728309
0.825065
0.998112
0.911641
0.96332
0.797063
0.631729
0.720242
0.933758
0.942356
0.91266
0.983885
0.862692
0.751755
0.688704
0.800823
0.635119
0.694609
0.885603
0.821122
0.622549
0.946646
0.948237
0.97035
0.834361
0.77627
0.963062
0.967104
0.580668
0.888587
0.960532
0.98644
0.850823
0.938353
0.771072
0.918937
0.841227
0.842969
0.592749
0.262493
0.979237
0.843204
0.949243
0.913863
0.937709
0.968185
0.561523
0.866883
0.95192
0.741083
0.781012
0.83366
0.743205
0.948888
0.929265
0.736812
0.733742
0.970126
0.956091
0.95168
0.639699
0.925705
0.837618
0.869317
0.787158
0.832092
0.8386
0.487424
0.92794
0.870846
0.935762
0.998476
0.972821
0.830297
0.458472
0.564223
0.928302
0.889006
0.532542
0.797985
0.918587
0.681047
0.997745
0.569483
0.890172
0.898499
0.848153
0.672223
0.954732
0.97976
0.934156
0.994147
0.918416
0.73454
0.333671
0.780613
0.94476