-0.661101
-0.039549
0.787081
-0.615871
-0.901415
-0.99028
-0.381302
-0.856187
0.215023
-0.19928
0.145771
-0.999971
0.583897
0.977392
0.925123
-0.969868
-0.838091
-0.752435
-0.93782
-0.800697
0.206323
0.74063
0.996591
-0.85827
0.457897
-0.191548
0.55415
0.999995
0.351239
-0.995818
0.979643
0.292447
0.129563
-0.753082
0.814585
0.38578
0.919381
-0.238134
-0.604303
0.277305
-0.906615
-0.474277
-0.58601
0.938131
-0.85989
0.083385
0.422944
-0.589495
-0.965831
0.968372
0.390989
-0.785951
-0.995672
0.367618
-0.648851
0.001529
0.168278
0.405621
-0.942392
-0.988791
0.994449
-0.607032
0.706745
0.799323
0.880365
-0.242573
0.947851
-0.391505
0.353087
0.999963
0.995989
0.913631
0.125815
0.433133
-0.590844
-0.426015
0.067421
0.992287
-0.87659
-0.49522
0.943006
0.814617
0.834865
0.59301
-0.81155
-0.994704
0.799298
0.062785
0.98113
-0.821246
-0.192961
-0.997281
-0.450016
-0.907734
-0.700022
-0.744174
0.50706
-0.084378
0.494846
-0.845917
-0.5008
0.755752
-0.939942
-0.345762
0.822797
-0.511688
-0.517348
0.655462
0.985342
0.995005
0.618193
0.000503
-0.127924
-0.942713
-0.592393
-0.69669
-0.064137
-0.874711
0.092258
0.37352
-0.789887
-0.995086
0.995504
-0.771733
0.994558
0.977586
-0.246161
0.30877
-0.278197
0.32268
-0.896308
-0.738427
-0.001024
-0.827572
0.417412
-0.279721
0.660236
0.312892
0.663842
0.83128
0.992854
-0.415807
0.461171
0.151733
0.080299
0.509959
0.946062
-0.985176
0.452672
0.931051
0.291764
0.9698
-0.546825
-0.750952
0.969997
-0.778111
-0.481961
-0.688687
0.379184
0.471793
-0.870721
-0.889758
-0.874345
0.992104
0.379216
-0.488494
0.807575
0.350601
0.985117
-0.804397
-0.292733
0.269144
0.565796
0.686893
-0.670952
-0.915055
0.748185
0.89898
0.778854
-0.866115
-0.999999
-0.419689
0.816274
-0.959958
-0.940208
-0.604154
0.22674
-0.550315
0.999673
0.111356
-0.922945
-0.667925
0.1734
0.983763
-0.729235
0.539799
-0.214088
-0.263683
0.101873
0.811304
-0.649037
0.86106
0.929673
-0.65047
-0.233393
0.918829
0.997471
0.965161
0.390855
-0.957764
-0.932802
0.242499
0.92034
0.893507
0.780116
-0.784078
0.926414
0.984505
0.957838
-0.889358
-0.812308
0.999114
0.043111
0.550773
-0.994287
0.327348
0.341548
-0.371685
0.638847
-0.729081
0.963426
-0.389039
0.976158
0.991364
-0.778848
0.189537
-0.110509
0.946323
-0.337234
0.932929
0.288554
0.705478
0.964276
0.007767
0.980183
-0.998918
-0.241166
-0.995244
0.857506
-0.205665
-0.993579
0.998837
0.732468
0.670117
-0.843247
0.865423
-0.123546
0.966817
-0.812444
0.262278
-0.874196
0.034008
0.908267
-0.357599
-0.996176
0.017244
0.55491
-0.289204
0.893268
-0.96528
-0.998669
0.915276
-0.829913
-0.146335
0.937253
0.159438
0.967444
-0.104079
-0.384184
-0.504926
-0.919117
0.571006
0.024182
-0.211556
0.253171
-0.999992
0.647875
0.87068
0.537054
0.927816
-0.032796
0.173485
0.984385
-0.141301
0.958954
0.993486
-0.206458
0.767939
-0.726013
-0.860867
0.411281
0.496284
0.769933
0.370299
0.242263
-0.595584
-0.206641
-0.733402
0.630336
0.32514
-0.532699
0.262533
0.995585
-0.840561
0.592271
-0.802848
0.953772
0.830268
0.173387
-0.166348
0.998315
-0.732668
0.376111
-0.734646
-0.531317
0.959064
-0.402689
-0.637331
-0.975315
-0.868056
-0.98229
-0.579637
0.674038
0.897655
-0.657031
0.931034
-0.97654
-0.681276
-0.693216
-0.121789
-0.250949
0.521985
-0.868494
-0.883278
0.5795
0.694744
0.945148
-0.835349
-0.234897
-0.850303
-0.989837
-0.467685
0.952238
0.878624
-0.091477
0.191735
0.433899
-0.989829
0.554967
-0.061825
-0.897597
-0.124008
0.404592
-0.2938
-0.485584
0.12524
-0.773571
0.83096
0.99652
0.485705
0.858292
0.822616
0.680659
-0.556217
0.175184
0.578376
-0.450342
0.044926
0.815072
-0.207435
-0.74592
0.52958
0.197743
-0.982221
0.037271
-0.939601
-0.809774
0.791995
0.992712
0.875416
-0.619411
-0.327378
-0.589749
-0.947342
-0.303422
-0.17961
0.934323
0.983185
-0.316136
-0.862932
0.391749
0.031418
-0.789477
-0.72299
0.999397
-0.102409
-0.956488
0.999946
-0.173992
-0.945378
0.500583
0.217316
0.260212
-0.872233
-0.545294
0.79273
-0.447412
0.944985
-0.292692
-0.125223
-0.621216
0.910387
0.829612
-0.613615
-0.979887
-0.733118
0.933518
0.273921
0.054223
0.905045
-0.41644
-0.47017
-0.761979
-0.951546
-0.155843
-0.62927
-0.5358
-0.347895
0.941984
-0.974632
0.616007
0.69736
-0.94071
-0.815022
-0.771222
-0.932421
0.968183
0.292818
-0.19492
0.413838
-0.593157
-0.932846
-0.999986
0.913672
-0.972952
-0.046979
-0.467194
-0.221203
-0.340332
-0.957639
-0.996623
0.989781
-0.799555
-0.948834
-0.679912
0.801392
0.250583
-0.985204
0.732352
0.328091
0.209246
0.362919
-0.38203
0.734308
-0.350265
0.94113
0.987021
-0.979076
0.831148
0.104831
0.89422
-0.694495
-0.326583
0.995214
0.734162
-0.979513
-0.033994
-0.893655
0.487357
0.208766
-0.165719
-0.388355
0.701363
0.99949
-0.009171
0.998996
0.811313
0.940374
-0.406155
-0.966592
-0.155548
0.994868
-0.412851
-0.847405
0.768668
0.427698
-0.996375
0.522745
0.928761
0.736892
-0.079661
0.124018
-0.306785
-0.375652
-0.974756
0.686297
0.590714
-0.837053
-0.902181
-0.396194
-0.196043
-0.670471
0.974849
-0.65973
-0.352347
0.740827
-0.463019
0.999947
-0.801184
0.492226
0.052411
-0.84873
-0.260714
0.805563
0.467702
0.131987
0.511632
0.498167
0.965921
-0.999978
0.696512
-0.827968
-0.627688
0.921682
0.819172
0.061701
0.658536
0.073462
0.976972
-0.999732
0.112204
-0.677965
-0.58606
-0.999768
-0.110132
-0.175
0.649776
0.211552
0.790127
-0.92536
-0.999907
0.738948
0.953007
-0.626594
0.404021
0.420134
0.820024
-0.496654
0.958162
0.968067
-0.99104
0.853942
0.931719
-0.065135
-0.034355
-0.621622
0.949461
0.942126
-0.361573
-0.117477
0.853533
-0.5526
0.76302
0.982205
0.064954
0.034932
0.888692
-0.640062
0.86992
-0.91035
0.62494
0.15879
0.978214
-0.949038
-0.996037
0.955997
-0.926762
-0.843175
0.588372
0.201969
0.997423
0.972772
0.909363
-0.348231
0.930193
-0.236574
0.872512
0.943001
0.784186
0.748328
0.89835
-0.494367
0.952602
0.687357
0.922854
0.959285
0.165665
0.913721
-0.872856
-0.347837
-0.340922
-0.807177
-0.999826
0.750559
0.948277
0.834402
0.829335
-0.280375
0.917893
-0.973604
-0.14371
-0.816452
-0.452861
0.910144
0.932546
-0.875615
0.408756
0.326101
0.909443
-0.712817
-0.016986
-0.809849
0.76902
0.467212
0.958303
-0.907659
-0.066999
-0.982355
-0.483987
-0.280355
0.946387
0.066724
0.371092
0.778393
-0.004217
-0.567062
-0.998777
-0.805723
-0.9569
0.070211
-0.282685
0.167553
0.993237
0.050608
0.057291
-0.205052
-0.306293
-0.951493
0.883381
-0.983409
-0.073333
0.519175
-0.087952
-0.4308
-0.9695
-0.726697
0.442107
-0.070253
-0.99813
-0.089767
0.974936
-0.210847
0.862392
-0.996554
0.189677
-0.935744
0.286268
0.094431
-0.057017
-0.527405
0.222492
0.998748
0.943677
-0.118906
-0.46682
0.828275
-0.977566
0.99764
-0.15847
-0.487566
0.933483
0.995607
0.906096
0.984495
0.021673
-0.932218
0.658782
0.046292
0.797714
0.284258
-0.809678
-0.950785
0.768361
0.986573
-0.852977
0.835567
-0.239722
-0.519251
-0.829499
-0.07459
-0.067924
-0.875562
0.707938
-0.028354
-0.290252
0.540378
0.999134
0.999857
0.992429
-0.48884
-0.532036
0.31819
-0.959472
0.986363
-0.95059
0.163957
-0.724258
0.23194
-0.932135
0.628535
-0.862635
0.032342
0.40643
0.580705
-0.935535
-0.128887
-0.562068
-0.86838
-0.987909
0.999575
0.533645
-0.874593
0.943864
0.600582
0.963441
-0.814433
-0.57732
-0.368907
0.157505
-0.896302
0.86499
0.955919
-0.18535
0.352427
-0.217185
0.760088
-0.999957
-0.655261
-0.647931
-0.1624
0.330741
0.76864
0.378176
0.238496
0.101469
0.32841
0.723618
-0.407626
-0.365643
-0.819947
-0.972434
-0.712677
0.83065
0.556575
0.229486
-0.422918
0.385336
-0.573811
0.128846
0.024177
0.897501
-0.253718
-0.988619
0.999968
-0.808018
0.832374
-0.916998
-0.694142
0.433861
0.484942
0.80057
-0.999796
-0.99717
-0.936906
0.908322
0.949869
0.533189
-0.925384
-0.720262
-0.837219
-0.556659
-0.312143
0.867994
-0.409294
0.219844
-0.978739
0.434986
0.739737
-0.944803
0.896479
0.522947
0.970406
-0.98964
0.966326
0.051183
0.909989
-0.587202
-0.97402
0.292942
-0.67888
0.986449
-0.147943
-0.981517
0.73064
-0.969941
0.274718
0.125662
0.966115
0.9556
-0.620134
0.694521
-0.678178
0.48689
-0.087811
0.475049
0.678064
0.719062
-0.983875
0.5454
-0.992427
0.224991
0.542265
0.244555
-0.297812
-0.299399
0.785559
0.078141
0.832645
0.996307
0.713654
0.615598
-0.557194
0.998433
0.960958
-0.867875
0.919871
-0.324667
-0.714202
-0.997548
0.994312
0.293571
-0.997786
0.311599
0.169134
-0.701329
0.596196
0.861744
0.428787
0.377437
0.709649
-0.115676
-0.522105
-0.807136
0.354952
0.541733
-0.889747
0.951894
-0.720646
-0.10061
-0.757094
-0.899766
0.217566
-0.870367
-0.937911
0.305877
0.192252
-0.375898
0.664877
-0.999533
0.72628
0.467057
-0.281929
-0.978111
-0.479253
-0.929881
-0.829003
0.345971
-0.863742
0.877023
-0.471729
-0.097512
0.965019
0.017321
-0.769559
-0.855628
-0.488186
0.862564
0.362384
0.66903
-0.772772
0.79268
-0.709138
-0.258217
0.308835
0.567328
0.914744
-0.194783
0.684431
-0.99858
0.850195
0.747365
-0.415655
-0.48169
-0.184834
0.468167
-0.362536
0.888361
-0.971724
-0.91451
0.879619
0.766297
-0.871387
0.105357
0.914272
-0.559371
-0.69835
-0.432953
-0.807675
0.387632
0.353752
-0.153378
0.493321
-0.095637
0.771663
-0.990197
-0.992491
0.592094
0.150445
0.630232
-0.999373
0.638184
0.853429
-0.840716
-0.708389
-0.517465
-0.997771
-0.713599
-0.832136
-0.645828
-0.599878
-0.691206
0.999134
0.131417
-0.976748
-0.625447
0.49367
0.031446
0.544275
0.423165
0.744113
-0.590124
-0.97347
-0.941345
-0.587732
-0.067681
0.490194
0.701102
0.467948
-0.997471
-0.997456
0.294047
0.63839
-0.605113
0.955856
0.863633
0.986119
-0.533908
0.24016
0.786524
0.514798