-0.750297
0.999218
0.61685
0.787847
-0.432957
-0.139089
0.92445
-0.516666
-0.976609
0.979943
-0.989318
0.007658
-0.811828
-0.211434
0.379667
-0.243633
0.545531
-0.658666
-0.347121
0.59907
-0.978484
-0.671913
0.082503
-0.513199
0.889005
-0.981483
0.832417
0.003209
-0.936286
-0.091363
-0.200749
0.956282
0.991571
-0.657926
0.580044
-0.922591
-0.393367
-0.971232
-0.796755
0.960782
0.421958
-0.880375
-0.810304
-0.346281
0.510479
0.996517
-0.906156
0.807772
0.259174
-0.249511
0.920395
-0.618289
0.092938
-0.929977
-0.760915
-0.999999
0.98574
0.914042
0.33451
-0.149308
0.105215
0.794677
-0.707469
-0.600902
0.474296
0.970133
0.318712
-0.920176
-0.93559
0.008545
-0.089479
0.406544
0.992054
0.90133
0.806786
0.904716
-0.997725
-0.123964
0.481237
-0.868768
-0.332775
0.579999
-0.550454
0.805195
-0.584283
0.102782
-0.600935
-0.998027
-0.193351
-0.570574
0.981207
-0.073691
0.89302
-0.419547
-0.714122
0.667985
0.861911
0.996434
0.868981
0.533314
0.865563
-0.654858
-0.341335
0.938322
0.568335
0.859171
-0.855775
0.755228
-0.170593
-0.099829
-0.786027
-1
-0.991784
-0.333606
0.805649
-0.717372
0.997941
0.484644
-0.995735
-0.927622
-0.613253
0.099012
0.094718
0.635947
-0.104184
-0.210537
-0.969229
-0.951137
0.960524
0.946508
0.443433
0.674334
-0.999999
0.561359
0.908717
0.960081
0.751059
-0.949789
-0.747873
-0.555854
-0.119338
0.909453
0.887311
-0.988421
0.996771
0.860199
-0.323987
0.171545
-0.891677
-0.364888
-0.95649
-0.2439
0.837247
-0.660357
0.243118
0.628127
-0.876192
0.725058
-0.925321
0.881709
0.491777
-0.456433
0.485305
-0.125414
0.925308
0.872568
0.589765
0.936525
-0.171883
-0.594092
-0.956194
0.9631
-0.824545
0.726758
0.741501
-0.40333
-0.66349
-0.43799
-0.627205
0.499844
-0.001212
0.907668
0.577666
-0.280143
0.340602
-0.796868
-0.973955
0.834957
-0.025573
-0.993781
-0.384931
0.744228
0.984851
-0.179471
0.684263
0.841794
0.976814
0.964609
0.994797
0.584624
0.760757
-0.508504
-0.368387
-0.759532
-0.972382
-0.394657
0.071081
-0.261657
-0.920452
0.287554
-0.360388
0.970152
-0.39112
-0.449049
-0.625635
-0.620662
-0.376508
0.175355
-0.287307
-0.457211
0.583229
0.042079
-0.99907
0.834655
-0.106741
-0.944904
-0.939864
-0.928359
-0.769333
-0.684428
-0.267975
-0.921221
-0.217062
-0.131138
-0.627213
-0.981874
0.993875
-0.323223
-0.941421
0.360061
0.957464
0.708732
-0.264899
0.99997
-0.198093
-0.046511
0.970484
0.097418
0.514473
-0.978622
0.113142
-0.04822
0.680802
-0.742255
0.537527
0.501042
0.992339
0.25547
-0.583039
-0.964992
0.485573
0.999422
0.41839
-0.933875
0.087366
-0.999851
-0.83191
-0.957267
0.449525
-0.261216
-0.051581
-0.402828
0.557894
0.989235
0.348649
-0.987208
0.253086
0.994569
-0.923257
-0.863163
0.393985
0.820946
-0.999708
-0.977366
0.967422
0.003925
-0.761746
-0.491849
0.843548
0.373038
0.999462
0.984837
-0.176029
-0.989967
-0.283561
0.113956
-0.978455
-0.640523
0.687681
0.508829
-0.911508
-0.86816
0.638124
0.928913
-0.970211
-0.803293
-0.978417
-0.679796
0.776323
0.945666
0.846305
0.964923
0.093863
-0.541717
0.805739
0.596183
0.30053
-0.557364
0.984854
-0.986067
-0.058021
-0.680586
0.926575
0.67845
0.847173
-0.283188
0.915337
0.77059
-0.220818
-0.496467
0.187365
0.814875
0.738696
0.440698
-0.753864
-0.364932
-0.215335
-0.732027
-0.72073
0.992556
-0.968
0.852954
0.4957
-0.46885
-0.814973
0.719257
0.326643
-0.549719
-0.97202
0.526294
0.142204
-0.883895
-0.305357
0.477514
-0.995807
0.981447
0.900962
-0.142266
-0.831872
-0.998087
-0.440817
-0.992281
-0.914497
0.955867
-0.87419
0.992126
0.633709
0.556333
-0.083349
-0.874123
-0.513161
0.568598
-0.7326
-0.831037
0.984536
0.81577
-0.892856
0.99899
-0.57936
0.978249
0.666036
-0.84826
0.980254
0.187729
-0.999305
-0.342272
-0.586742
-0.610528
-0.120513
-0.483369
-0.785067
-0.944893
0.807586
0.320223
-0.952856
0.983738
-0.356427
0.182614
0.948714
-0.505321
-0.920072
-0.999506
0.61378
-0.690859
0.034733
-0.994742
-0.291771
0.010416
0.984747
-0.325975
-0.865689
-0.976101
-0.965551
-0.489091
0.838245
0.609573
0.894328
-0.327114
0.956207
-0.992129
-0.783639
-0.413757
0.558341
0.789605
-0.199555
0.680101
0.35853
0.961752
-0.998529
-0.425316
-0.909163
-0.882576
-0.647602
-0.307506
-0.987782
0.777186
0.844345
0.937534
-0.335658
0.223813
-0.787741
-0.716721
-0.339211
0.57943
0.636566
0.361373
0.250244
-0.956168
-0.980819
0.91035
-0.805087
0.360276
-0.005269
-0.406452
-0.231005
0.998896
0.884155
-0.975228
0.940305
0.287972
0.082112
0.142597
0.600593
-0.315775
-0.733293
0.598139
-0.968095
-0.171387
-0.680926
-0.944646
0.977863
0.931821
0.92415
-0.678817
0.936651
0.338044
0.16059
-0.203495
0.556052
-0.99449
0.447628
0.719497
0.945168
0.097723
-0.678975
-0.20138
0.999422
-0.448755
0.873203
-0.977966
-0.986173
-0.92151
-0.712804
-0.031929
-0.999958
0.044808
0.584612
0.340141
-0.913804
-0.256322
-0.987828
0.101181
0.910798
0.530948
-0.639647
-0.903922
0.085075
0.852489
0.37068
0.67601
-0.996822
0.99228
-0.951779
0.926761
0.223273
-0.727322
0.806881
-0.547122
-0.431358
0.918167
0.980595
0.741936
0.222867
-0.751502
0.935869
-0.671695
0.886348
-0.010273
-0.598418
-0.870467
-0.998626
0.528826
0.965416
0.59251
-0.883886
0.991251
-0.859205
-0.867081
0.258837
-0.006609
-0.717545
-0.560776
0.778465
0.387947
-0.573548
-0.998095
-0.752549
0.997298
-0.213367
0.023145
-0.993685
0.735094
-0.810268
0.021533
-0.993917
-0.984568
0.760126
-0.977367
0.612943
-0.37909
0.013606
0.673763
-0.302948
0.779346
0.91475
-0.907462
-0.57233
-0.867948
0.286225
0.250692
-0.133568
0.520368
-0.363179
-0.997876
0.99941
0.783318
0.313884
-0.33526
0.932344
-0.993076
0.521039
-0.833446
0.646374
0.18781
0.997888
-0.99939
-0.458506
0.768324
-0.493193
0.413839
-0.780672
0.987312
-0.207601
-0.315161
0.08894
-0.293376
0.375649
-0.53764
0.80859
0.979392
0.071739
0.231762
0.416003
0.937409
-0.36707
-0.971613
0.488593
0.33279
-0.620526
-0.663328
-0.43928
0.869253
-0.304219
-0.726319
0.385151
0.282441
0.986182
-0.406342
0.487977
-0.937555
0.940092
-0.59031
0.018651
0.660804
0.317444
-0.551156
0.558751
0.959891
-0.396829
0.228245
-0.98962
0.577413
0.891581
-0.414292
-0.36105
-0.48301
-0.912644
0.945335
0.415828
0.70135
-0.999856
-0.586638
0.639224
0.884146
-0.285755
0.419709
-0.997753
-0.187025
-0.875075
-0.959896
-0.323036
0.997771
-0.928596
-0.627777
-0.999991
-0.823675
-0.049442
-0.592293
0.290418
0.997532
0.959213
0.985863
0.116106
-0.998719
-0.998358
0.978751
0.951937
-0.307671
-0.468655
-0.1814
0.997308
0.854668
-0.996125
-0.902447
0.24509
-0.686958
0.896963
0.997529
0.061124
0.995963
0.222486
-0.977519
-0.50624
-0.082948
0.981847
0.352679
-0.958149
0.995531
0.998373
0.849614
0.974935
0.050026
-0.330869
0.992906
-0.884352
0.560321
0.210631
-0.068658
-0.987364
-0.873086
0.358621
0.09363
0.423072
0.175413
0.999765
-0.361897
0.752334
-0.998928
0.603036
0.958748
-0.586874
-0.309851
-0.640016
0.163322
0.521949
-0.549388
0.970842
0.854622
-0.558509
0.997214
0.997691
0.483106
0.706275
-0.999598
0.95695
-0.841422
-0.041598
0.016912
-0.122822
0.872373
-0.846722
0.948027
-0.281805
-0.164584
-0.310448
-0.986468
-0.689529
-0.97273
0.362111
0.777781
0.505828
-0.999477
-0.913682
0.814114
-0.353233
-0.991659
0.827091
0.495899
0.155033
-0.029141
-0.845708
-0.484858
0.330335
0.799563
-0.267919
0.580257
0.816518
-0.929466
-0.987518
0.443444
0.501789
0.293632
-0.982672
-0.935839
0.976131
0.649821
0.00928
0.755403
-0.761699
-0.986725
0.943722
-0.639682
-0.925734
0.971143
-0.994839
0.944535
0.690201
0.913149
0.930755
-0.572439
-0.233178
0.701493
0.556795
0.830797
-0.973312
0.906168
-0.922776
0.818988
0.991665
0.999708
0.441012
-0.967278
-0.150439
0.007946
0.589158
-0.554214
-0.398892
0.719838
0.90098
0.874546
0.59924
0.020195
-0.075175
-0.34958
0.418272
-0.312648
-0.845996
-0.379031
0.693702
0.546869
-0.830741
0.950035
-0.496575
0.912403
0.975535
0.205109
-0.900437
0.672896
0.327639
0.443086
0.852365
0.241481
0.143569
0.257322
-0.998689
0.414631
-0.80944
0.226461
0.95613
0.734249
0.164069
0.988996
-0.191373
-0.682763
-0.243342
-0.961525
-0.992073
-0.258111
0.294667
-0.784496
0.719473
0.734898
-0.873463
-0.996137
-0.879959
-0.735003
0.694946
-0.178855
0.838176
0.122835
0.974361
0.840208
-0.969635
-0.954625
-0.954128
0.618787
-0.996942
0.553807
0.085863
0.700498
0.78806
-0.830382
-0.055968
-0.276695
-0.496783
-0.392221
0.945828
-0.699939
0.069984
0.10651
-0.955937
0.066504
-0.950214
0.985593
-0.712838
0.802839
-0.507344
0.903406
-0.926035
-0.704556
-0.993287
0.852881
0.590366
-0.934884
-0.84055
0.456455
0.306428
0.693303
-0.994926
-0.653306
-0.436373
-0.976046
0.492404
0.346876
0.952071
-0.981346
-0.926661
-0.746953
-0.030564
0.687399
-0.884227
0.959435
-0.208083
0.877677
-0.367861
0.559245
0.938245
0.503934
0.480448
-0.881744
-0.995234
-0.262178
-0.99985
0.638575
0.517591
-0.87274
0.505948
0.932029
-0.743235
0.634684
-0.609638
0.705069
-0.966087
0.951116
0.823492
-0.404034
-0.980846
-0.729078
-0.053265
-0.526468
0.664414
0.909522
0.876341
0.98277
0.88364
-0.93197
-0.459146
0.236119
0.404564
0.475679
0.642486
-0.490596
-0.994434
-0.405101
-0.828917
0.715756
-0.901417
0.589628
0.921814
-0.935339
-0.988168
-0.869847
0.995416
-0.636031
-0.139681
0.122315
0.805869
-0.988618
0.776407
-0.03542
0.769884
0.521209
0.541476
-0.705823
-0.855705
0.066736
0.700554
-0.554571
0.763483
0.800091
-0.722658
-0.041605
-0.991327
0.214389
0.780267
-0.869649
0.999505
-0.838907
0.906053
-0.668053
0.807313
-0.228815
-0.337445
0.809056
-0.997707
-0.871613
0.713061
0.883756
0.071078
0.071283
0.955791
-0.769713
-0.79614
-0.293835
0.50412
-0.16604
-0.845543
-0.970733
0.61756
0.857311